13
35
0 90 475 1 tyranosaure.png
1 90 752 96 megalosaure.png
2 60 1 97 velociraptor.png
3 70 135 205 carnotaure.png
4 100 241 1 spinosaurus.Png
5 50 462 250 triceratops.png
6 100 160 585 brachiosaure.png
7 50 328 458 diplodocus.png
8 60 773 599 stegosaure.png
9 60 766 375 ankylosaure.png
10 40 1 398 pteranodon.png
11 0 1 615 poisson.png
12 0 502 615 herbe.png
0 0 2 40
1 0 5 40
2 0 6 40
3 0 7 40
4 0 8 40
5 0 9 40
6 1 2 40
7 1 5 40
8 1 6 40
9 1 7 40
10 1 8 40
11 1 9 40
12 1 10 40
13 2 6 40
14 2 7 40
15 2 8 40
16 2 9 40
17 3 5 40
18 3 6 40
19 3 7 40
20 3 8 40
21 3 9 40
22 4 2 40
23 4 3 40
24 4 5 40
25 4 6 40
26 4 7 40
27 4 8 40
28 4 9 40
29 5 12 40
30 6 12 40
31 7 12 40
32 8 12 40
33 9 12 40
34 10 11 40
